0.9854349, -0.1339253, 0.1047952, 0
0.1047952, 0.9635873, 0.2460031, 0
-0.1339253, -0.231438, 0.9635873, 0
0, 0, 0, 1
